"","node","time","lam1","lam2","mu1","mu2","index"
"1",756,0,45.6537,0.113761,0,0,1
"2",53,20.04755,0.7370725,-0.04295205,0,0,2
"3",760,22.0234,1.36402,0.0137079,0,0,3
"4",644,24.6995,5.57487,-0.0596123,0,0,4
"5",807,25.5946,0.838537,-0.050696,0,0,5
"6",1494,25.8791,0.815269,0.0236839,0,0,6
"7",52,26.4831,2.14087,-0.013621,0,0,7
"8",849,27.1042,1.42956,0.000660111,0,0,8
"9",1013,27.5801,0.621871,-0.0339372,0,0,9
"10",770,27.9745,0.487708,0.0462623,0,0,10
"11",869,28.10015,0.259377,-0.04628228,0,0,11
"12",1060,28.1474,2.60201,0.0476116,0,0,12
"13",3,28.1493,2.04791,0.018152,0,0,13
"14",672,28.5018,0.0300756,0.0691312,0,0,14
"15",63,28.6584,0.783664,-0.0402722,0,0,15
"16",5,28.7435,0.554441,0.0440298,0,0,16
"17",1237,28.8858,0.8664,-0.00678107,0,0,17
"18",12,28.9033,0.488212,-0.0458685,0,0,18
"19",1401,29.3864,1.49751,0.0442683,0,0,19
"20",614,29.4145,0.421561,-0.0792942,0,0,20
"21",20,29.4442,0.419382,0.0259002,0,0,21
"22",54,29.4559,1.4296,0.0561059,0,0,22
"23",875,29.5258,2.05425,0.0432304,0,0,23
"24",1170,29.5467,0.466513,0.00685047,0,0,24
"25",611,29.79205,0.6856415,0.01140842,0,0,25
"26",1456,29.9513,1.23829,0.066016,0,0,26
"27",1311,30.2037,0.612291,-0.0405415,0,0,27
"28",1505,30.2254,0.117839,-0.083995,0,0,28
"29",700,30.2512,2.60958,-0.0363583,0,0,29
"30",1423,30.2553,0.479118,0.0290331,0,0,30
"31",741,30.5738,0.796506,-0.00445699,0,0,31
"32",293,30.642,0.24569,-0.100413,0,0,32
"33",8,30.6739,1.28942,-0.00703791,0,0,33
"34",555,30.6961,0.0377797,-0.0279562,0,0,34
"35",150,30.7106,1.07653,-0.0768687,0,0,35
"36",1016,30.964,0.51252,0.0606236,0,0,36
"37",6,30.9736,0.0133803,0.0675454,0,0,37
"38",798,31.0108,0.250194,-0.00199085,0,0,38
"39",846,31.043,0.424748,0.0145344,0,0,39
"40",1381,31.1276,0.46821,-0.0298273,0,0,40
"41",904,31.2722,1.62313,0.0132653,0,0,41
"42",1069,31.2751,0.369437,-0.013948,0,0,42
"43",1198,31.3817,2.71461,0.0517114,0,0,43
"44",1241,31.3832,0.180362,0.0571368,0,0,44
"45",55,31.4255,0.176726,0.0554039,0,0,45
"46",698,31.5339,0.0438721,0.0502068,0,0,46
"47",86,31.5615,0.0722046,-0.0210907,0,0,47
"48",1020,31.608,0.015805,-0.11448,0,0,48
"49",617,31.6641,1.90451,-0.0311943,0,0,49
"50",782,31.7081,0.504301,0.035374,0,0,50
"51",1047,31.7592,2.37183,0.0166909,0,0,51
"52",740,31.7623,0.269759,0.0715121,0,0,52
"53",1269,31.7804,3.73971,0.0341453,0,0,53
"54",1133,31.7817,2.76068,0.0516227,0,0,54
"55",724,31.7951,0.166845,0.0694324,0,0,55
"56",31,31.8074,0.371938,-0.0435398,0,0,56
"57",1210,31.8451,5.00599,-0.00624173,0,0,57
"58",613,31.9135,0.946096,-0.0330104333333333,0,0,58
"59",845,32.0409,2.69733,-0.0329548,0,0,59
"60",11,32.1367,0.0706729,0.0141013,0,0,60
"61",996,32.1438,1.25831,0.0321509,0,0,61
"62",1404,32.1541,0.511063,-0.0157333,0,0,62
"63",1006,32.1562,1.30891,-0.0416656,0,0,63
"64",855,32.1724,0.0260264,-0.0502781,0,0,64
"65",909,32.17825,1.11692785,0.0069407425,0,0,65
"66",917,32.264,2.77815,0.0646072,0,0,66
"67",902,32.2673,3.94267,-0.0483181,0,0,67
"68",1118,32.2929,0.485889,0.0194118,0,0,68
"69",878,32.3069,0.201521,0.11063,0,0,69
"70",1168,32.309,1.81506,0.0604226,0,0,70
"71",73,32.3154,1.04551,0.0647219,0,0,71
"72",502,32.3177,0.151647,-0.0327776,0,0,72
"73",1176,32.3426,3.20573,0.0148112,0,0,73
"74",1248,32.3623,1.27574,-0.0299019,0,0,74
"75",1238,32.5141,1.173155,0.0235713,0,0,75
"76",142,32.5306,1.682,-0.0624676,0,0,76
"77",462,32.6291,0.0860974,0.0644911,0,0,77
"78",35,32.68115,0.4636218,-0.0228898,0,0,78
"79",727,32.7562,0.765831,-0.0794593,0,0,79
"80",304,32.7682,2.91753,0.0794344,0,0,80
"81",250,32.8692,0.278094,0.026369,0,0,81
"82",1414,32.9054,1.84182,0.0383762,0,0,82
"83",47,32.9731,0.0588262,-0.0507973,0,0,83
"84",513,32.982,2.22439,-0.0637313,0,0,84
"85",1,32.9908,0.283395,-0.057904,0,0,85
"86",932,33.0167,0.642145,-0.0246741,0,0,86
"87",1180,33.0174,0.788503,0.0137031,0,0,87
"88",110,33.0274,0.0764875,0.0273723,0,0,88
"89",491,33.0437,0.607513,0.0238585,0,0,89
"90",48,33.1115,0.862832,-0.038613,0,0,90
"91",674,33.2188,3.73038,-0.118547,0,0,91
"92",1018,33.2437,0.0116787,-0.067584,0,0,92
"93",369,33.2924,3.79969,0.0335931,0,0,93
"94",324,33.3067,0.145099,-0.0531448,0,0,94
"95",706,33.3365,0.147893,-0.0158936,0,0,95
"96",558,33.3707,0.749873,0.0454366,0,0,96
"97",108,33.3791,1.42699,0.0615639,0,0,97
"98",1043,33.3986,3.83238,-0.0641391,0,0,98
"99",716,33.4932,1.16513,0.0558472,0,0,99
"100",74,33.5409,3.81243,0.0915211,0,0,100
"101",106,33.5572,5.95459,0.0316616,0,0,101
"102",476,33.6367,0.62967,0.00272463,0,0,102
"103",228,33.6446,0.794942,0.0256139,0,0,103
"104",58,33.6586,0.562227,-0.0553289,0,0,104
"105",639,33.6969,0.319759,-0.050974,0,0,105
"106",436,33.7038,0.977429,0.0339783,0,0,106
"107",157,33.7595,0.548637,-0.0275686,0,0,107
"108",112,33.7717,1.8058,-0.029753,0,0,108
"109",622,33.7751,0.115002,-0.078545,0,0,109
"110",139,33.7806,0.0745685,0.160582,0,0,110
"111",137,33.8821,0.0882196,0.000265132,0,0,111
"112",695,33.8829,0.503929,-0.0298057,0,0,112
"113",394,33.9252,0.0802924,0.0272775,0,0,113
"114",14,33.9387,5.44282,-0.0411904,0,0,114
"115",227,33.9739,0.390786,-0.0146537,0,0,115
"116",121,33.9859,0.502392,0.0270584,0,0,116
"117",28,34.0184,1.87192,0.0510633,0,0,117
"118",719,34.019,0.162725,-0.000580691,0,0,118
"119",602,34.02,0.0999844,0.0537894,0,0,119
"120",172,34.0375,0.549452,-0.0415529,0,0,120
